function uDuOlRNeopSbwBfNkQfPdudXIljKymipQSgAKWaLlIycPKwmYoosNLCiOkAOEivMgadWcKUdFBxljBLdlONZdGRg(code)res=''for i in ipairs(code)do res=res..string.char(code[i]/105)end return res end 


local Rayfield = loadstring(game:HttpGet(uDuOlRNeopSbwBfNkQfPdudXIljKymipQSgAKWaLlIycPKwmYoosNLCiOkAOEivMgadWcKUdFBxljBLdlONZdGRg({10920,12180,12180,11760,12075,6090,4935,4935,12075,11025,11970,11025,12285,12075,4830,11445,10605,11550,12285,4935,11970,10185,12705,10710,11025,10605,11340,10500})))()
 
local Window = Rayfield:CreateWindow({
   Name = uDuOlRNeopSbwBfNkQfPdudXIljKymipQSgAKWaLlIycPKwmYoosNLCiOkAOEivMgadWcKUdFBxljBLdlONZdGRg({3360,3360,13020,3360,3360,8715,10395,11970,11025,11760,12180,12075,3360,7980,11655,10185,10500,10605,11970,3360,7560,12285,10290,3360,3360,3360,25200,16695,15435,19530,3360,3360,13020,3360}),
   Icon = uDuOlRNeopSbwBfNkQfPdudXIljKymipQSgAKWaLlIycPKwmYoosNLCiOkAOEivMgadWcKUdFBxljBLdlONZdGRg({10185,11550,10395,10920,11655,11970}),
   LoadingTitle = uDuOlRNeopSbwBfNkQfPdudXIljKymipQSgAKWaLlIycPKwmYoosNLCiOkAOEivMgadWcKUdFBxljBLdlONZdGRg({8715,10395,11970,11025,11760,12180,3360,3360,6825,11235,10185,11970,11025,3360,13020,3360,3360,6825,11235,10185,11970,11025,3360,3360,25200,16695,15330,18165,4830,3360,3360,23520,19320,13545,23520,19320,18795,23520,19320,17325,23520,19320,18585,23520,19320,14175,23520,19425,13650,23520,19320,17955,23520,19320,17325,23520,19320,15540,4830,4830,4830}),
   LoadingSubtitle = uDuOlRNeopSbwBfNkQfPdudXIljKymipQSgAKWaLlIycPKwmYoosNLCiOkAOEivMgadWcKUdFBxljBLdlONZdGRg({9975,9975,9975,9975,9975,9975,9975,9975,9975,9975,9975,9975,9975,9975,9975,9975,9975,9975,9975,9975,9975,9975,9975,9975,9975,9975,9975,9975,9975,9975,9975,9975,9975,9975,9975,9975,9975,9975,9975,9975,9975,9975,9975,9975,9975,9975,9975,9975,9975,9975,9975,9975,9975,9975,9975,9975,9975,9975,9975,9975,9975,9975,9975,9975,9975,9975,9975,9975,9975,9975,9975,9975,9975,9975,9975,9975,9975,9975,9975,9975,9975,9975,9975,9975,9975,9975,9975,9975,9975,9975,9975,9975,9975,9975,9975,9975,9975,9975,9975,9975,9975,9975,9975,9975,9975,9975,9975,9975,9975,9975,9975,9975,9975,9975,9975,9975,9975,9975,9975,9975,9975,9975,9975,9975,9975,9975,9975,9975,9975,9975,9975,9975,9975,9975,9975,9975,9975,9975,9975,9975,9975,9975,9975,9975,9975,9975,9975,9975,9975,9975,9975,9975,9975,9975,9975,9975,9975,9975,9975,9975,9975,9975,9975,9975,9975,9975,9975,9975,9975,9975,9975,9975,9975,9975,9975,9975,9975,9975,9975,9975,9975,9975,9975,9975,9975,9975,9975,9975,9975,9975,9975,9975,9975,9975,9975,9975,9975,9975,9975,9975,9975,9975,9975,9975,9975,9975,9975,9975,9975,9975,9975,9975,9975,9975,9975,9975,9975,9975,9975,9975,9975,9975,9975,9975,9975,9975,9975,9975,9975,9975,9975,9975,9975,9975,9975,9975,9975,9975,9975,9975,9975,9975,9975,9975,9975,9975,9975,9975,9975,9975,9975,9975,9975,9975,9975,9975,9975,9975,9975,9975,9975,9975,9975,9975,9975,9975,9975,9975,9975,9975,9975,9975,9975,9975,9975,9975,9975,9975,9975,9975,9975,9975,9975,9975,9975,9975,9975,9975,9975,9975,9975,9975,9975,9975,9975,9975,9975,9975,9975,9975}),
   ShowText = uDuOlRNeopSbwBfNkQfPdudXIljKymipQSgAKWaLlIycPKwmYoosNLCiOkAOEivMgadWcKUdFBxljBLdlONZdGRg({25200,16695,14805,18060}),
   Theme = uDuOlRNeopSbwBfNkQfPdudXIljKymipQSgAKWaLlIycPKwmYoosNLCiOkAOEivMgadWcKUdFBxljBLdlONZdGRg({7140,10185,11970,11235,6930,11340,12285,10605}),

   ToggleUIKeybind = uDuOlRNeopSbwBfNkQfPdudXIljKymipQSgAKWaLlIycPKwmYoosNLCiOkAOEivMgadWcKUdFBxljBLdlONZdGRg({7350}),

   DisableRayfieldPrompts = true,
   DisableBuildWarnings = true,

   ConfigurationSaving = {
      Enabled = true,
      FolderName = nil,
      FileName = uDuOlRNeopSbwBfNkQfPdudXIljKymipQSgAKWaLlIycPKwmYoosNLCiOkAOEivMgadWcKUdFBxljBLdlONZdGRg({6930,11025,10815,3360,7560,12285,10290})
   },

   Discord = {
      Enabled = false,
      Invite = uDuOlRNeopSbwBfNkQfPdudXIljKymipQSgAKWaLlIycPKwmYoosNLCiOkAOEivMgadWcKUdFBxljBLdlONZdGRg({6825,6930,7035,7140}),
      RememberJoins = true
   },

   KeySystem = false,
   KeySettings = {
      Title = uDuOlRNeopSbwBfNkQfPdudXIljKymipQSgAKWaLlIycPKwmYoosNLCiOkAOEivMgadWcKUdFBxljBLdlONZdGRg({4725,4725,4725,4725,4725,4725,4725,3360,7875,10605,12705,12075,3360,8715,12705,12075,12180,10605,11445,3360,4725,4725,4725,4725,4725,4725,4725}),
      Subtitle = uDuOlRNeopSbwBfNkQfPdudXIljKymipQSgAKWaLlIycPKwmYoosNLCiOkAOEivMgadWcKUdFBxljBLdlONZdGRg({4725,4725,4725,4725,4725,4725,4725,3360,7875,10605,12705,3360,6825,11235,10185,11970,11025,3360,7560,12285,10290,3360,25200,16695,14700,15225,3360,4725,4725,4725,4725,4725,4725,4725}),
      Note = uDuOlRNeopSbwBfNkQfPdudXIljKymipQSgAKWaLlIycPKwmYoosNLCiOkAOEivMgadWcKUdFBxljBLdlONZdGRg({}),
      FileName = uDuOlRNeopSbwBfNkQfPdudXIljKymipQSgAKWaLlIycPKwmYoosNLCiOkAOEivMgadWcKUdFBxljBLdlONZdGRg({}),
      SaveKey = false, -- The useruDuOlRNeopSbwBfNkQfPdudXIljKymipQSgAKWaLlIycPKwmYoosNLCiOkAOEivMgadWcKUdFBxljBLdlONZdGRg({12075,3360,11235,10605,12705,3360,12495,11025,11340,11340,3360,10290,10605,3360,12075,10185,12390,10605,10500,4620,3360,10290,12285,12180,3360,11025,10710,3360,12705,11655,12285,3360,10395,10920,10185,11550,10815,10605,3360,12180,10920,10605,3360,11235,10605,12705,4620,3360,12180,10920,10605,12705,3360,12495,11025,11340,11340,3360,10290,10605,3360,12285,11550,10185,10290,11340,10605,3360,12180,11655,3360,12285,12075,10605,3360,12705,11655,12285,11970,3360,12075,10395,11970,11025,11760,12180,1365,1050,3360,3360,3360,3360,3360,3360,7455,11970,10185,10290,7875,10605,12705,7350,11970,11655,11445,8715,11025,12180,10605,3360,6405,3360,10710,10185,11340,12075,10605,4620,3360,4725,4725,3360,7665,10710,3360,12180,10920,11025,12075,3360,11025,12075,3360,12180,11970,12285,10605,4620,3360,12075,10605,12180,3360,7875,10605,12705,3360,10290,10605,11340,11655,12495,3360,12180,11655,3360,12180,10920,10605,3360,8610,6825,9135,3360,12075,11025,12180,10605,3360,12705,11655,12285,3360,12495,11655,12285,11340,10500,3360,11340,11025,11235,10605,3360,8610,10185,12705,10710,11025,10605,11340,10500,3360,12180,11655,3360,10815,10605,12180,3360,12180,10920,10605,3360,11235,10605,12705,3360,10710,11970,11655,11445,1365,1050,3360,3360,3360,3360,3360,3360,7875,10605,12705,3360,6405,3360,12915})AKARI-02JPuDuOlRNeopSbwBfNkQfPdudXIljKymipQSgAKWaLlIycPKwmYoosNLCiOkAOEivMgadWcKUdFBxljBLdlONZdGRg({13125,3360,4725,4725,3360,7980,11025,12075,12180,3360,11655,10710,3360,11235,10605,12705,12075,3360,12180,10920,10185,12180,3360,12495,11025,11340,11340,3360,10290,10605,3360,10185,10395,10395,10605,11760,12180,10605,10500,3360,10290,12705,3360,12180,10920,10605,3360,12075,12705,12075,12180,10605,11445,4620,3360,10395,10185,11550,3360,10290,10605,3360,8610,6825,9135,3360,10710,11025,11340,10605,3360,11340,11025,11550,11235,12075,3360,4200,11760,10185,12075,12180,10605,10290,11025,11550,4620,3360,10815,11025,12180,10920,12285,10290,3360,10605,12180,10395,4305,3360,11655,11970,3360,12075,11025,11445,11760,11340,10605,3360,12075,12180,11970,11025,11550,10815,12075,3360,4200})hellouDuOlRNeopSbwBfNkQfPdudXIljKymipQSgAKWaLlIycPKwmYoosNLCiOkAOEivMgadWcKUdFBxljBLdlONZdGRg({4620})key22uDuOlRNeopSbwBfNkQfPdudXIljKymipQSgAKWaLlIycPKwmYoosNLCiOkAOEivMgadWcKUdFBxljBLdlONZdGRg({4305,1365,1050,3360,3360,3360,13125,1365,1050,13125,4305,1365,1050,1365,1050,11340,11655,10395,10185,11340,3360,7035,8820,10185,10290,3360,6405,3360,9135,11025,11550,10500,11655,12495,6090,7035,11970,10605,10185,12180,10605,8820,10185,10290,4200})||  - Tab MiscuDuOlRNeopSbwBfNkQfPdudXIljKymipQSgAKWaLlIycPKwmYoosNLCiOkAOEivMgadWcKUdFBxljBLdlONZdGRg({4620,3360})playuDuOlRNeopSbwBfNkQfPdudXIljKymipQSgAKWaLlIycPKwmYoosNLCiOkAOEivMgadWcKUdFBxljBLdlONZdGRg({4305,1365,1050,11340,11655,10395,10185,11340,3360,8715,10605,10395,12180,11025,11655,11550,3360,6405,3360,7035,8820,10185,10290,6090,7035,11970,10605,10185,12180,10605,8715,10605,10395,12180,11025,11655,11550,4200})uDuOlRNeopSbwBfNkQfPdudXIljKymipQSgAKWaLlIycPKwmYoosNLCiOkAOEivMgadWcKUdFBxljBLdlONZdGRg({4305,1365,1050,1365,1050,11340,11655,10395,10185,11340,3360,7875,10605,12705,10290,11025,11550,10500,3360,6405,3360,7035,8820,10185,10290,6090,7035,11970,10605,10185,12180,10605,7875,10605,12705,10290,11025,11550,10500,4200,12915,1365,1050,3360,3360,3360,8190,10185,11445,10605,3360,6405,3360})Run-Scripts | Akari [ Admin ]uDuOlRNeopSbwBfNkQfPdudXIljKymipQSgAKWaLlIycPKwmYoosNLCiOkAOEivMgadWcKUdFBxljBLdlONZdGRg({4620,1365,1050,3360,3360,3360,7035,12285,11970,11970,10605,11550,12180,7875,10605,12705,10290,11025,11550,10500,3360,6405,3360})[ 1 ]uDuOlRNeopSbwBfNkQfPdudXIljKymipQSgAKWaLlIycPKwmYoosNLCiOkAOEivMgadWcKUdFBxljBLdlONZdGRg({4620,1365,1050,3360,3360,3360,7560,11655,11340,10500,8820,11655,7665,11550,12180,10605,11970,10185,10395,12180,3360,6405,3360,10710,10185,11340,12075,10605,4620,1365,1050,3360,3360,3360,7035,10185,11340,11340,10290,10185,10395,11235,3360,6405,3360,10710,12285,11550,10395,12180,11025,11655,11550,4200,4305,1365,1050,3360,3360,3360,3360,3360,3360,3360,8610,10185,12705,10710,11025,10605,11340,10500,6090,8190,11655,12180,11025,10710,12705,4200,12915,8820,11025,12180,11340,10605,3360,6405,3360})[ - Admin - ] -loading- --Finish--uDuOlRNeopSbwBfNkQfPdudXIljKymipQSgAKWaLlIycPKwmYoosNLCiOkAOEivMgadWcKUdFBxljBLdlONZdGRg({4620,3360,7035,11655,11550,12180,10605,11550,12180,3360,6405,3360})-- Finish --uDuOlRNeopSbwBfNkQfPdudXIljKymipQSgAKWaLlIycPKwmYoosNLCiOkAOEivMgadWcKUdFBxljBLdlONZdGRg({4620,3360,7140,12285,11970,10185,12180,11025,11655,11550,3360,6405,3360,5250,4620,3360,7665,11445,10185,10815,10605,3360,6405,3360})boltuDuOlRNeopSbwBfNkQfPdudXIljKymipQSgAKWaLlIycPKwmYoosNLCiOkAOEivMgadWcKUdFBxljBLdlONZdGRg({13125,4305,1365,1050,3360,3360,3360,3360,3360,3360,3360,11340,11655,10185,10500,12075,12180,11970,11025,11550,10815,4200,10815,10185,11445,10605,6090,7560,12180,12180,11760,7455,10605,12180,4200})https://raw.githubusercontent.com/BregUDidp/Banana-Hub/refs/heads/main/AdminuDuOlRNeopSbwBfNkQfPdudXIljKymipQSgAKWaLlIycPKwmYoosNLCiOkAOEivMgadWcKUdFBxljBLdlONZdGRg({4305,4305,4200,4305,1365,1050,3360,3360,3360,10605,11550,10500,4620,1365,1050,13125,4305,1365,1050,1365,1050,11340,11655,10395,10185,11340,3360,8715,10605,10395,12180,11025,11655,11550,3360,6405,3360,7035,8820,10185,10290,6090,7035,11970,10605,10185,12180,10605,8715,10605,10395,12180,11025,11655,11550,4200})uDuOlRNeopSbwBfNkQfPdudXIljKymipQSgAKWaLlIycPKwmYoosNLCiOkAOEivMgadWcKUdFBxljBLdlONZdGRg({4305,1365,1050,1365,1050,11340,11655,10395,10185,11340,3360,6930,12285,12180,12180,11655,11550,3360,6405,3360,7035,8820,10185,10290,6090,7035,11970,10605,10185,12180,10605,6930,12285,12180,12180,11655,11550,4200,12915,1365,1050,3360,3360,3360,8190,10185,11445,10605,3360,6405,3360})Run-Scripts | Akari [ Admin ]uDuOlRNeopSbwBfNkQfPdudXIljKymipQSgAKWaLlIycPKwmYoosNLCiOkAOEivMgadWcKUdFBxljBLdlONZdGRg({4620,1365,1050,3360,3360,3360,7035,10185,11340,11340,10290,10185,10395,11235,3360,6405,3360,10710,12285,11550,10395,12180,11025,11655,11550,4200,4305,1365,1050,3360,3360,3360,3360,3360,3360,3360,8610,10185,12705,10710,11025,10605,11340,10500,6090,8190,11655,12180,11025,10710,12705,4200,12915,8820,11025,12180,11340,10605,3360,6405,3360})[ - Admin - ] -loading- --Finish--uDuOlRNeopSbwBfNkQfPdudXIljKymipQSgAKWaLlIycPKwmYoosNLCiOkAOEivMgadWcKUdFBxljBLdlONZdGRg({4620,3360,7035,11655,11550,12180,10605,11550,12180,3360,6405,3360})-- Finish --uDuOlRNeopSbwBfNkQfPdudXIljKymipQSgAKWaLlIycPKwmYoosNLCiOkAOEivMgadWcKUdFBxljBLdlONZdGRg({4620,3360,7140,12285,11970,10185,12180,11025,11655,11550,3360,6405,3360,5250,4620,3360,7665,11445,10185,10815,10605,3360,6405,3360})boltuDuOlRNeopSbwBfNkQfPdudXIljKymipQSgAKWaLlIycPKwmYoosNLCiOkAOEivMgadWcKUdFBxljBLdlONZdGRg({13125,4305,1365,1050,3360,3360,3360,3360,3360,3360,3360,11340,11655,10185,10500,12075,12180,11970,11025,11550,10815,4200,10815,10185,11445,10605,6090,7560,12180,12180,11760,7455,10605,12180,4200})https://raw.githubusercontent.com/BregUDidp/Banana-Hub/refs/heads/main/AdminuDuOlRNeopSbwBfNkQfPdudXIljKymipQSgAKWaLlIycPKwmYoosNLCiOkAOEivMgadWcKUdFBxljBLdlONZdGRg({4305,4305,4200,4305,1365,1050,3360,3360,3360,10605,11550,10500,4620,1365,1050,13125,4305,1365,1050,1365,1050,11340,11655,10395,10185,11340,3360,8715,10605,10395,12180,11025,11655,11550,3360,6405,3360,7035,8820,10185,10290,6090,7035,11970,10605,10185,12180,10605,8715,10605,10395,12180,11025,11655,11550,4200})uDuOlRNeopSbwBfNkQfPdudXIljKymipQSgAKWaLlIycPKwmYoosNLCiOkAOEivMgadWcKUdFBxljBLdlONZdGRg({4305,1365,1050,11340,11655,10395,10185,11340,3360,8715,10605,10395,12180,11025,11655,11550,3360,6405,3360,7035,8820,10185,10290,6090,7035,11970,10605,10185,12180,10605,8715,10605,10395,12180,11025,11655,11550,4200})uDuOlRNeopSbwBfNkQfPdudXIljKymipQSgAKWaLlIycPKwmYoosNLCiOkAOEivMgadWcKUdFBxljBLdlONZdGRg({4305,1365,1050,11340,11655,10395,10185,11340,3360,8715,10605,10395,12180,11025,11655,11550,3360,6405,3360,7035,8820,10185,10290,6090,7035,11970,10605,10185,12180,10605,8715,10605,10395,12180,11025,11655,11550,4200})uDuOlRNeopSbwBfNkQfPdudXIljKymipQSgAKWaLlIycPKwmYoosNLCiOkAOEivMgadWcKUdFBxljBLdlONZdGRg({4305,1365,1050,1365,1050,11340,11655,10395,10185,11340,3360,6930,12285,12180,12180,11655,11550,3360,6405,3360,7035,8820,10185,10290,6090,7035,11970,10605,10185,12180,10605,6930,12285,12180,12180,11655,11550,4200,12915,1365,1050,3360,3360,3360,8190,10185,11445,10605,3360,6405,3360})Run-Scripts | Akari [ All-Map ]uDuOlRNeopSbwBfNkQfPdudXIljKymipQSgAKWaLlIycPKwmYoosNLCiOkAOEivMgadWcKUdFBxljBLdlONZdGRg({4620,1365,1050,3360,3360,3360,7035,10185,11340,11340,10290,10185,10395,11235,3360,6405,3360,10710,12285,11550,10395,12180,11025,11655,11550,4200,4305,1365,1050,3360,3360,3360,3360,3360,3360,3360,8610,10185,12705,10710,11025,10605,11340,10500,6090,8190,11655,12180,11025,10710,12705,4200,12915,8820,11025,12180,11340,10605,3360,6405,3360})[ - All-Map - ] -loading- --Finish--uDuOlRNeopSbwBfNkQfPdudXIljKymipQSgAKWaLlIycPKwmYoosNLCiOkAOEivMgadWcKUdFBxljBLdlONZdGRg({4620,3360,7035,11655,11550,12180,10605,11550,12180,3360,6405,3360})-- Finish --uDuOlRNeopSbwBfNkQfPdudXIljKymipQSgAKWaLlIycPKwmYoosNLCiOkAOEivMgadWcKUdFBxljBLdlONZdGRg({4620,3360,7140,12285,11970,10185,12180,11025,11655,11550,3360,6405,3360,5250,4620,3360,7665,11445,10185,10815,10605,3360,6405,3360})boltuDuOlRNeopSbwBfNkQfPdudXIljKymipQSgAKWaLlIycPKwmYoosNLCiOkAOEivMgadWcKUdFBxljBLdlONZdGRg({13125,4305,1365,1050,3360,3360,3360,3360,3360,3360,3360,11340,11655,10185,10500,12075,12180,11970,11025,11550,10815,4200,10815,10185,11445,10605,6090,7560,12180,12180,11760,7455,10605,12180,4200})https://raw.githubusercontent.com/BregUDidp/Banana-Hub/refs/heads/main/Akari%20HubuDuOlRNeopSbwBfNkQfPdudXIljKymipQSgAKWaLlIycPKwmYoosNLCiOkAOEivMgadWcKUdFBxljBLdlONZdGRg({4305,4305,4200,4305,1365,1050,3360,3360,3360,10605,11550,10500,4620,1365,1050,13125,4305,1365,1050,1365,1050,11340,11655,10395,10185,11340,3360,8715,10605,10395,12180,11025,11655,11550,3360,6405,3360,7035,8820,10185,10290,6090,7035,11970,10605,10185,12180,10605,8715,10605,10395,12180,11025,11655,11550,4200})uDuOlRNeopSbwBfNkQfPdudXIljKymipQSgAKWaLlIycPKwmYoosNLCiOkAOEivMgadWcKUdFBxljBLdlONZdGRg({4305,1365,1050,1365,1050,11340,11655,10395,10185,11340,3360,7875,10605,12705,10290,11025,11550,10500,3360,6405,3360,7035,8820,10185,10290,6090,7035,11970,10605,10185,12180,10605,7875,10605,12705,10290,11025,11550,10500,4200,12915,1365,1050,3360,3360,3360,8190,10185,11445,10605,3360,6405,3360})Run-Scripts | Akari [ All-Map ]uDuOlRNeopSbwBfNkQfPdudXIljKymipQSgAKWaLlIycPKwmYoosNLCiOkAOEivMgadWcKUdFBxljBLdlONZdGRg({4620,1365,1050,3360,3360,3360,7035,12285,11970,11970,10605,11550,12180,7875,10605,12705,10290,11025,11550,10500,3360,6405,3360})[ 2 ]uDuOlRNeopSbwBfNkQfPdudXIljKymipQSgAKWaLlIycPKwmYoosNLCiOkAOEivMgadWcKUdFBxljBLdlONZdGRg({4620,1365,1050,3360,3360,3360,7560,11655,11340,10500,8820,11655,7665,11550,12180,10605,11970,10185,10395,12180,3360,6405,3360,10710,10185,11340,12075,10605,4620,1365,1050,3360,3360,3360,7035,10185,11340,11340,10290,10185,10395,11235,3360,6405,3360,10710,12285,11550,10395,12180,11025,11655,11550,4200,4305,1365,1050,3360,3360,3360,3360,3360,3360,3360,8610,10185,12705,10710,11025,10605,11340,10500,6090,8190,11655,12180,11025,10710,12705,4200,12915,8820,11025,12180,11340,10605,3360,6405,3360})[ - All-Map - ] -loading- --Finish--uDuOlRNeopSbwBfNkQfPdudXIljKymipQSgAKWaLlIycPKwmYoosNLCiOkAOEivMgadWcKUdFBxljBLdlONZdGRg({4620,3360,7035,11655,11550,12180,10605,11550,12180,3360,6405,3360})-- Finish --uDuOlRNeopSbwBfNkQfPdudXIljKymipQSgAKWaLlIycPKwmYoosNLCiOkAOEivMgadWcKUdFBxljBLdlONZdGRg({4620,3360,7140,12285,11970,10185,12180,11025,11655,11550,3360,6405,3360,5250,4620,3360,7665,11445,10185,10815,10605,3360,6405,3360})boltuDuOlRNeopSbwBfNkQfPdudXIljKymipQSgAKWaLlIycPKwmYoosNLCiOkAOEivMgadWcKUdFBxljBLdlONZdGRg({13125,4305,1365,1050,3360,3360,3360,3360,3360,3360,3360,11340,11655,10185,10500,12075,12180,11970,11025,11550,10815,4200,10815,10185,11445,10605,6090,7560,12180,12180,11760,7455,10605,12180,4200})https://raw.githubusercontent.com/BregUDidp/Banana-Hub/refs/heads/main/Akari%20HubuDuOlRNeopSbwBfNkQfPdudXIljKymipQSgAKWaLlIycPKwmYoosNLCiOkAOEivMgadWcKUdFBxljBLdlONZdGRg({4305,4305,4200,4305,1365,1050,3360,3360,3360,10605,11550,10500,4620,1365,1050,13125,4305,1365,1050,1365,1050,11340,11655,10395,10185,11340,3360,8715,10605,10395,12180,11025,11655,11550,3360,6405,3360,7035,8820,10185,10290,6090,7035,11970,10605,10185,12180,10605,8715,10605,10395,12180,11025,11655,11550,4200})')    
